# Created by Octave 4.0.3, Sat Nov 12 16:07:03 2016 GMT <unknown@KoolCards>
# name: X
# type: matrix
# rows: 349
# columns: 15
 1 1 18 0 4 4 2 0 1 0 1 4 3 4 6
 1 1 17 0 1 1 2 0 0 0 1 5 3 3 4
 1 1 15 0 1 1 2 3 1 0 1 4 3 2 10
 1 1 15 0 4 2 3 0 0 1 1 3 2 2 2
 1 1 16 0 3 3 2 0 0 0 1 4 3 2 4
 1 0 16 0 4 3 2 0 0 1 1 5 4 2 10
 1 0 16 0 2 2 2 0 0 0 1 4 4 4 0
 1 1 17 0 4 4 2 0 1 0 1 4 1 4 6
 1 0 15 0 3 2 2 0 0 0 1 4 2 2 0
 1 0 15 0 3 4 2 0 0 1 1 5 5 1 0
 1 1 15 0 4 4 2 0 0 0 1 3 3 3 0
 1 1 15 0 2 1 3 0 0 1 1 5 2 2 4
 1 0 15 0 4 4 1 0 0 1 1 4 3 3 2
 1 0 15 0 4 3 2 0 0 0 1 5 4 3 2
 1 0 15 0 2 2 3 0 0 0 1 4 5 2 0
 1 1 16 0 4 4 1 0 0 0 1 4 4 4 4
 1 1 16 0 4 4 3 0 0 1 1 3 2 3 6
 1 1 16 0 3 3 2 0 1 1 1 5 3 2 4
 1 0 17 0 3 2 1 3 0 1 1 5 5 5 16
 1 0 16 0 4 3 1 0 0 1 1 3 1 3 4
 1 0 15 0 4 3 2 0 0 0 1 4 4 1 0
 1 0 15 0 4 4 1 0 0 0 1 5 4 2 0
 1 0 16 0 4 2 2 0 0 1 1 4 5 1 2
 1 0 16 0 2 2 2 0 0 1 1 5 4 4 0
 1 1 15 1 2 4 3 0 1 1 1 4 3 2 2
 1 1 16 0 2 2 1 2 0 0 1 1 2 2 14
 1 0 15 0 2 2 1 0 0 0 1 4 2 2 2
 1 0 15 0 4 2 1 0 0 0 1 2 2 4 4
 1 0 16 0 3 4 2 0 1 1 1 5 3 3 4
 1 0 16 0 4 4 2 0 0 1 1 4 4 5 16
 1 0 15 0 4 4 2 0 0 0 1 5 4 2 0
 1 0 15 0 4 4 2 0 0 1 1 4 3 1 0
 1 0 15 1 4 3 2 0 0 1 1 4 5 2 0
 1 0 15 0 3 3 2 0 0 1 1 5 3 2 0
 1 0 16 0 3 2 1 0 0 0 1 5 4 3 0
 1 1 15 0 2 3 1 0 0 1 1 3 5 1 0
 1 0 15 0 4 3 3 0 0 1 1 5 4 3 2
 1 0 16 1 4 4 3 0 0 1 1 2 4 3 7
 1 1 15 1 3 4 3 0 1 1 1 4 3 2 2
 1 1 15 1 2 2 1 0 1 1 1 4 3 1 8
 1 1 16 0 2 2 2 1 0 1 1 3 3 3 25
 1 0 15 0 4 4 1 0 0 0 1 5 4 3 8
 1 0 15 0 4 4 2 0 0 1 1 4 3 3 2
 1 0 15 0 2 2 1 0 1 0 1 5 4 1 0
 1 1 16 0 2 2 2 1 1 1 1 4 3 3 14
 1 1 15 0 4 3 2 0 1 1 1 5 2 2 8
 1 1 16 0 3 3 2 0 0 0 1 2 3 5 12
 1 0 16 0 4 3 4 0 0 1 1 4 2 2 4
 1 0 15 0 4 2 2 0 0 0 1 4 3 3 2
 1 1 15 0 4 4 2 1 1 1 1 4 4 4 2
 1 1 16 0 2 2 2 0 0 0 1 4 3 3 2
 1 1 15 0 4 2 2 0 0 0 1 4 3 3 2
 1 0 15 0 4 2 1 1 0 0 1 5 5 5 6
 1 1 15 0 4 4 1 0 1 0 1 3 3 4 0
 1 1 15 0 3 3 1 0 0 0 1 5 3 4 6
 1 1 16 0 2 1 2 0 0 1 1 5 3 4 8
 1 1 15 0 4 3 2 0 0 1 1 4 3 2 0
 1 0 15 0 4 4 2 0 0 1 1 3 2 2 4
 1 0 15 0 1 2 2 0 1 1 1 4 3 2 2
 1 1 16 0 4 2 2 0 0 0 1 4 2 3 2
 1 1 16 1 4 4 2 0 0 1 1 2 4 4 6
 1 1 16 0 1 1 1 0 1 1 1 5 5 5 6
 1 1 16 0 1 2 2 0 1 1 1 4 4 3 4
 1 1 16 0 4 3 3 0 1 1 1 3 4 4 2
 1 1 15 0 4 3 2 0 1 1 1 4 4 4 0
 1 1 16 0 4 3 2 0 0 1 1 5 4 3 2
 1 0 15 0 4 4 4 0 0 1 1 1 3 3 4
 1 1 16 0 3 1 4 0 1 0 1 4 3 3 4
 1 1 15 1 2 2 2 0 1 0 1 4 1 3 2
 1 1 15 1 3 1 4 0 0 0 1 4 4 2 12
 1 0 16 0 3 1 4 0 0 0 1 4 3 2 0
 1 0 15 0 4 2 4 0 0 0 1 3 3 3 0
 1 1 15 1 1 1 2 2 1 0 1 3 3 4 2
 1 0 16 0 3 1 1 0 0 1 1 5 3 2 2
 1 1 16 0 3 3 2 0 1 1 1 4 3 3 54
 1 0 15 0 4 3 2 0 0 1 1 4 3 3 6
 1 0 15 0 4 0 4 0 0 1 1 3 4 3 8
 1 1 16 0 2 2 4 0 0 0 1 5 2 3 0
 1 0 17 0 2 1 1 3 1 1 0 4 5 1 2
 1 1 16 0 3 4 2 0 0 0 1 2 4 3 12
 1 0 15 0 2 3 1 0 1 1 1 3 2 2 2
 1 0 15 0 2 3 3 0 1 0 1 5 3 2 4
 1 1 15 0 3 2 2 0 0 0 1 4 4 4 10
 1 0 15 0 2 2 2 0 0 1 1 5 3 3 4
 1 1 15 0 1 1 2 0 0 1 1 4 3 2 2
 1 1 15 0 4 4 2 2 0 0 1 4 4 4 6
 1 1 16 0 2 2 2 0 0 0 1 4 3 4 4
 1 1 15 0 4 2 3 0 0 1 1 5 3 3 4
 1 0 16 0 2 2 2 1 0 1 1 4 4 2 12
 1 0 16 0 4 4 2 0 0 0 1 4 1 3 18
 1 1 16 0 3 3 3 0 0 0 1 4 3 3 0
 1 1 15 0 4 3 1 0 0 1 1 4 5 5 4
 1 1 16 0 3 1 2 0 1 0 1 3 3 3 4
 1 1 16 0 4 2 2 0 0 1 1 5 3 3 0
 1 0 15 0 2 2 4 0 0 1 1 4 3 4 6
 1 1 15 1 1 1 4 1 1 1 1 3 1 2 2
 1 0 16 1 4 3 1 0 1 1 1 3 3 3 2
 1 1 16 0 2 1 2 0 0 0 1 4 3 5 2
 1 1 16 0 4 4 1 0 0 1 1 5 3 4 6
 1 1 16 0 4 3 3 0 1 0 1 5 3 5 0
 1 0 16 0 4 4 1 0 1 1 1 4 5 5 14
 1 0 16 0 4 4 3 0 0 1 1 4 4 3 0
 1 0 15 0 4 4 1 0 0 1 1 5 3 3 4
 1 1 15 0 3 2 2 0 1 0 1 4 3 5 26
 1 0 15 0 3 4 2 0 0 1 1 5 4 4 0
 1 1 15 0 3 3 4 0 1 0 1 4 3 3 10
 1 1 15 0 2 2 4 0 1 0 1 5 1 2 8
 1 0 16 0 3 3 3 0 0 1 1 5 3 3 2
 1 0 15 1 4 4 4 0 0 1 1 1 3 5 6
 1 1 16 0 4 4 3 0 0 1 1 5 4 5 4
 1 0 15 0 4 4 1 0 0 1 1 5 5 3 6
 1 1 16 1 3 3 3 1 1 1 1 4 1 2 0
 1 1 16 0 2 2 2 1 1 1 1 3 1 2 6
 1 0 15 0 4 2 1 0 0 0 1 3 5 2 10
 1 0 15 1 2 1 2 0 0 1 1 5 4 2 8
 1 0 16 0 4 4 2 0 0 1 1 5 4 4 2
 1 0 15 0 4 4 2 0 0 1 1 4 4 3 2
 1 0 16 0 3 3 1 0 0 1 1 5 4 2 0
 1 0 17 1 1 3 2 1 0 1 1 5 2 4 20
 1 0 15 0 3 4 1 0 0 0 1 3 4 3 6
 1 1 15 0 1 2 2 0 0 0 1 3 2 3 2
 1 0 15 0 2 2 4 0 0 1 1 5 5 4 6
 1 1 16 0 2 4 2 0 0 1 1 4 2 2 2
 1 0 16 0 4 4 1 0 0 1 1 3 4 4 18
 1 1 16 0 2 2 2 0 0 0 1 5 4 4 0
 1 0 15 0 3 4 1 0 1 0 1 5 5 5 0
 1 1 15 0 3 4 2 0 1 1 1 5 3 2 0
 1 1 19 0 0 1 2 3 0 0 0 3 4 2 2
 1 0 18 1 2 2 1 2 0 1 1 3 3 3 0
 1 0 16 1 4 4 1 0 0 1 1 3 5 5 8
 1 1 15 1 3 4 3 2 0 0 1 4 2 2 0
 1 1 15 0 1 1 1 0 0 1 1 4 3 3 0
 1 1 17 0 2 2 1 0 0 0 1 3 4 4 12
 1 1 16 0 3 4 1 0 0 0 1 3 2 1 16
 1 0 15 1 3 4 2 0 0 0 1 5 3 3 0
 1 1 15 0 4 4 3 0 0 1 1 4 3 3 0
 1 0 17 1 3 4 2 0 0 0 1 5 4 5 0
 1 1 16 0 3 3 1 2 0 1 1 4 3 2 0
 1 0 16 0 1 1 2 1 0 0 1 4 4 4 0
 1 1 15 0 4 4 1 0 0 1 1 4 3 2 0
 1 0 15 0 4 3 4 0 1 0 1 2 2 2 0
 1 0 16 0 2 2 1 2 0 1 1 2 3 3 8
 1 1 15 0 4 4 3 0 0 1 1 4 2 2 2
 1 1 16 0 1 1 1 0 0 0 1 3 4 4 2
 1 0 17 0 2 1 1 3 0 0 1 5 4 5 0
 1 1 15 0 1 1 2 0 0 0 1 4 4 2 0
 1 1 15 0 3 2 2 3 0 0 1 3 3 2 0
 1 1 15 0 1 2 2 0 0 0 1 4 3 2 2
 1 0 16 0 4 4 1 0 0 0 0 3 3 2 0
 1 0 15 0 2 1 1 3 0 0 1 4 5 5 0
 1 0 18 0 1 1 1 3 0 0 0 2 3 5 0
 1 0 16 0 2 1 1 1 0 1 1 4 4 4 6
 1 1 15 1 3 3 3 2 0 1 1 4 2 1 8
 1 0 19 0 3 2 1 3 0 0 0 4 5 4 0
 1 1 17 0 4 4 1 0 1 0 1 4 2 1 0
 1 0 15 1 2 3 2 0 1 1 1 4 4 4 2
 1 0 17 1 1 2 1 0 0 0 1 2 2 2 8
 1 1 18 1 1 1 1 3 0 1 1 5 2 5 6
 1 0 16 1 2 2 1 0 0 0 1 4 2 2 2
 1 0 16 0 3 3 2 1 0 0 1 4 5 5 4
 1 0 17 1 2 1 1 2 0 1 0 3 3 2 0
 1 0 15 1 3 2 2 2 1 0 1 4 4 4 6
 1 0 16 0 1 2 1 1 0 1 1 4 4 4 0
 1 0 17 0 1 3 1 0 0 0 0 5 3 3 2
 1 0 17 1 1 1 2 3 0 1 0 5 3 5 0
 1 0 16 0 3 2 1 1 0 1 0 4 5 2 16
 1 0 16 0 2 2 2 0 0 0 0 4 3 5 4
 1 1 16 0 4 2 2 0 0 0 1 4 2 3 0
 1 1 16 0 2 2 2 0 0 0 1 5 1 5 0
 1 1 16 0 4 4 2 0 0 0 1 4 4 2 0
 1 0 16 0 3 4 1 2 0 1 1 3 4 5 0
 1 0 16 0 1 0 2 0 0 1 1 4 3 2 2
 1 0 17 0 4 4 2 0 0 1 1 4 4 4 0
 1 1 16 0 1 3 2 3 0 1 1 4 3 5 0
 1 1 16 0 3 3 2 0 0 1 1 4 4 5 4
 1 0 17 0 4 3 2 0 0 1 1 4 4 4 4
 1 1 16 0 2 2 2 0 0 1 1 3 4 4 2
 1 0 17 0 3 3 2 0 0 1 1 4 3 4 4
 1 0 16 1 4 2 1 0 0 1 1 4 3 3 10
 1 0 17 0 4 3 2 0 0 1 1 5 2 3 4
 1 0 16 0 4 3 2 0 0 1 1 3 4 3 10
 1 0 16 0 3 3 2 0 0 1 1 4 2 3 2
 1 1 17 0 2 4 2 0 0 1 1 5 4 2 0
 1 1 17 0 3 3 2 0 0 1 1 5 3 3 56
 1 1 16 0 3 2 2 0 0 0 1 1 2 2 14
 1 0 17 0 3 3 2 0 0 1 1 4 3 4 12
 1 0 16 0 1 2 1 0 0 1 1 3 3 3 2
 1 0 16 0 2 1 2 0 0 1 1 4 2 3 0
 1 1 17 0 3 3 2 0 0 0 1 3 3 3 6
 1 0 17 1 1 2 2 0 0 0 1 3 1 3 4
 1 1 16 0 2 3 2 0 0 0 1 4 3 3 10
 1 1 17 0 1 1 2 0 0 1 1 5 3 3 0
 1 0 17 0 1 2 2 0 0 1 1 4 4 4 12
 1 0 16 1 3 3 1 0 0 1 1 4 3 2 8
 1 0 16 0 2 3 1 0 0 0 1 5 3 3 0
 1 1 17 0 2 4 2 0 0 1 1 4 3 2 0
 1 0 17 0 4 4 1 0 0 0 1 5 2 3 4
 1 0 16 1 3 3 1 0 0 1 1 3 3 4 8
 1 1 17 0 4 4 1 1 0 0 1 4 2 4 24
 1 1 16 0 4 4 2 0 0 0 1 4 5 2 0
 1 1 16 0 4 3 2 0 0 1 1 4 3 5 2
 1 1 16 0 2 3 2 0 1 1 1 4 4 3 6
 1 1 17 0 1 1 2 0 0 0 1 4 4 4 4
 1 1 17 1 2 2 1 0 0 0 1 5 3 2 18
 1 1 16 1 2 2 4 0 0 1 1 5 3 5 6
 1 1 17 0 3 4 3 1 0 0 1 4 4 3 28
 1 1 16 0 3 1 2 3 0 0 1 2 3 3 5
 1 1 16 0 4 3 2 0 0 1 1 1 3 2 10
 1 1 16 0 1 1 1 0 0 0 1 4 3 2 6
 1 1 17 1 4 3 3 0 0 1 1 4 4 2 6
 1 1 19 0 3 3 4 0 0 1 1 4 3 3 10
 1 0 17 0 4 4 2 0 0 0 1 5 3 5 13
 1 1 16 0 2 2 2 0 1 0 1 3 3 4 0
 1 0 18 0 2 2 2 1 0 1 1 4 4 4 15
 1 1 17 1 4 4 1 0 0 0 1 5 2 1 12
 1 1 17 0 3 2 2 0 0 0 1 4 4 4 2
 1 1 17 0 4 3 2 2 0 0 1 3 4 5 22
 1 0 18 0 3 3 2 1 0 0 1 3 2 4 13
 1 1 17 0 2 3 1 0 0 0 1 3 3 3 3
 1 1 17 0 2 2 3 0 0 1 1 4 3 3 4
 1 1 17 1 2 1 2 0 0 1 1 4 2 5 2
 1 1 17 0 1 1 3 1 0 1 1 4 3 4 0
 1 1 16 0 2 3 2 0 1 0 1 2 3 1 2
 1 0 18 0 2 2 2 0 0 0 1 3 3 3 0
 1 1 16 0 4 4 3 0 0 1 1 5 3 2 0
 1 1 18 1 3 1 2 1 0 1 1 5 3 3 16
 1 1 17 0 3 2 2 0 0 1 1 5 3 4 10
 1 0 17 0 2 3 2 0 0 0 1 5 3 3 2
 1 0 18 0 2 1 2 0 1 1 1 4 3 2 14
 1 1 17 0 2 1 3 0 0 1 1 3 2 3 10
 1 1 17 0 4 3 2 0 0 1 1 3 2 3 14
 1 0 17 1 2 2 2 0 0 1 1 4 5 2 4
 1 0 17 0 4 4 2 0 1 1 1 4 5 5 14
 1 0 16 0 4 4 2 0 0 1 1 4 2 4 2
 1 0 16 0 1 1 2 0 0 0 1 3 4 2 18
 1 0 16 0 3 2 3 0 0 1 1 5 3 3 10
 1 0 17 0 2 2 2 0 0 1 1 4 4 2 4
 1 1 16 0 2 1 1 0 0 0 1 4 5 2 20
 1 1 17 1 2 1 2 0 0 1 1 2 1 1 2
 1 0 18 0 2 2 2 1 0 0 0 5 5 4 0
 1 0 17 0 4 3 2 0 0 1 1 2 5 5 14
 1 0 17 1 4 4 2 0 0 0 1 3 3 3 2
 1 0 16 0 4 3 1 0 0 1 1 5 4 5 0
 1 0 16 0 4 4 1 0 0 1 1 5 3 2 0
